# relative_time, cycles_done, cur_item, corpus_count, pending_total, pending_favs, map_size, saved_crashes, saved_hangs, max_depth, execs_per_sec, total_execs, edges_found
61, 0, 0, 20, 20, 2, 0.01%, 0, 1, 2, 42.28, 2118, 449
66, 0, 0, 20, 20, 2, 0.01%, 0, 1, 2, 35.24, 2295, 449
71, 0, 0, 20, 20, 2, 0.01%, 0, 1, 2, 36.77, 2489, 449
77, 0, 0, 20, 20, 2, 0.01%, 0, 1, 2, 42.33, 2688, 449
82, 0, 0, 20, 20, 2, 0.01%, 0, 1, 2, 40.92, 2916, 449
87, 0, 0, 20, 20, 2, 0.01%, 0, 1, 2, 37.50, 3113, 449
92, 0, 0, 20, 20, 2, 0.01%, 0, 1, 2, 37.43, 3289, 449
97, 0, 0, 20, 20, 2, 0.01%, 0, 1, 2, 40.51, 3498, 449
102, 0, 0, 20, 20, 2, 0.01%, 0, 1, 2, 35.25, 3675, 449
107, 0, 0, 20, 20, 2, 0.01%, 0, 1, 2, 42.11, 3894, 449
113, 0, 0, 20, 20, 2, 0.01%, 0, 1, 2, 46.54, 4124, 449
118, 0, 0, 20, 20, 2, 0.01%, 0, 1, 2, 39.58, 4311, 449
123, 0, 0, 20, 20, 2, 0.01%, 0, 1, 2, 44.89, 4541, 449
128, 0, 0, 20, 20, 2, 0.01%, 0, 1, 2, 36.77, 4706, 449
133, 0, 0, 20, 20, 2, 0.01%, 0, 1, 2, 38.28, 4907, 449
138, 0, 0, 20, 20, 2, 0.01%, 0, 1, 2, 38.20, 5081, 449
143, 0, 0, 20, 20, 2, 0.01%, 0, 1, 2, 37.54, 5269, 449
148, 0, 0, 20, 20, 2, 0.01%, 0, 1, 2, 32.26, 5432, 449
154, 0, 0, 20, 20, 2, 0.01%, 0, 1, 2, 37.84, 5624, 449
159, 0, 0, 20, 20, 2, 0.01%, 0, 1, 2, 39.81, 5836, 449
164, 0, 0, 20, 20, 2, 0.01%, 0, 1, 2, 37.02, 6020, 449
169, 0, 0, 20, 20, 2, 0.01%, 0, 1, 2, 32.10, 6169, 449
174, 0, 0, 20, 20, 2, 0.01%, 0, 1, 2, 36.80, 6357, 449
180, 0, 0, 20, 20, 2, 0.01%, 0, 1, 2, 33.90, 6527, 449
185, 0, 0, 20, 20, 2, 0.01%, 0, 1, 2, 33.06, 6693, 449
190, 0, 0, 20, 20, 2, 0.01%, 0, 1, 2, 39.25, 6891, 449
195, 0, 0, 20, 20, 2, 0.01%, 0, 1, 2, 34.18, 7059, 449
200, 0, 0, 20, 20, 2, 0.01%, 0, 1, 2, 38.91, 7257, 449
205, 0, 0, 20, 20, 2, 0.01%, 0, 1, 2, 38.85, 7466, 449
210, 0, 0, 20, 20, 2, 0.01%, 0, 1, 2, 45.42, 7688, 449
215, 0, 0, 20, 20, 2, 0.01%, 0, 1, 2, 40.36, 7874, 449
220, 0, 0, 20, 20, 2, 0.01%, 0, 1, 2, 37.63, 8062, 449
226, 0, 0, 20, 20, 2, 0.01%, 0, 1, 2, 35.04, 8241, 449
231, 0, 0, 20, 20, 2, 0.01%, 0, 1, 2, 33.77, 8410, 449
236, 0, 0, 20, 20, 2, 0.01%, 0, 1, 2, 36.34, 8598, 449
241, 0, 0, 20, 20, 2, 0.01%, 0, 1, 2, 41.45, 8820, 449
246, 0, 0, 20, 20, 2, 0.01%, 0, 1, 2, 38.12, 9013, 449
251, 0, 0, 20, 20, 2, 0.01%, 0, 1, 2, 34.83, 9187, 449
256, 0, 0, 20, 20, 2, 0.01%, 0, 1, 2, 36.14, 9379, 449
261, 0, 0, 20, 20, 2, 0.01%, 0, 1, 2, 33.57, 9541, 449
266, 0, 0, 20, 20, 2, 0.01%, 0, 1, 2, 40.20, 9755, 449
271, 0, 0, 20, 20, 2, 0.01%, 0, 1, 2, 44.35, 9981, 449
276, 0, 0, 20, 20, 2, 0.01%, 0, 1, 2, 42.50, 10189, 449
282, 0, 0, 20, 20, 2, 0.01%, 0, 1, 2, 37.32, 10368, 449
287, 0, 0, 20, 20, 2, 0.01%, 0, 1, 2, 39.23, 10550, 449
292, 0, 0, 20, 20, 2, 0.01%, 0, 1, 2, 40.83, 10759, 449
297, 0, 0, 20, 20, 2, 0.01%, 0, 1, 2, 37.48, 10937, 449
302, 0, 0, 20, 20, 2, 0.01%, 0, 1, 2, 43.30, 11150, 449
307, 0, 0, 21, 21, 2, 0.01%, 0, 1, 2, 40.46, 11351, 450
312, 0, 0, 21, 21, 2, 0.01%, 0, 1, 2, 40.32, 11554, 450
317, 0, 0, 21, 21, 2, 0.01%, 0, 1, 2, 39.77, 11747, 450
322, 0, 0, 21, 21, 2, 0.01%, 0, 1, 2, 41.10, 11955, 450
328, 0, 0, 21, 21, 2, 0.01%, 0, 1, 2, 33.95, 12112, 450
333, 0, 0, 21, 21, 2, 0.01%, 0, 1, 2, 38.76, 12297, 450
338, 0, 0, 21, 21, 2, 0.01%, 0, 1, 2, 37.32, 12482, 450
343, 0, 0, 21, 21, 2, 0.01%, 0, 1, 2, 38.09, 12684, 450
348, 0, 0, 21, 21, 2, 0.01%, 0, 1, 2, 37.62, 12873, 450
353, 0, 0, 21, 21, 2, 0.01%, 0, 1, 2, 36.38, 13070, 450
358, 0, 0, 21, 21, 2, 0.01%, 0, 1, 2, 39.82, 13277, 450
363, 0, 0, 21, 21, 2, 0.01%, 0, 1, 2, 32.82, 13425, 450
368, 0, 0, 21, 21, 2, 0.01%, 0, 1, 2, 26.14, 13559, 450
373, 0, 1, 21, 20, 17, 0.01%, 0, 1, 2, 36.60, 13729, 450
379, 0, 1, 22, 21, 17, 0.01%, 0, 1, 2, 23.12, 13813, 458
384, 0, 1, 23, 22, 17, 0.01%, 0, 1, 2, 39.88, 14062, 458
389, 0, 1, 24, 23, 17, 0.01%, 0, 1, 2, 42.91, 14298, 459
394, 0, 1, 25, 24, 17, 0.01%, 0, 1, 2, 51.16, 14567, 464
399, 0, 1, 26, 25, 17, 0.01%, 0, 1, 2, 51.76, 14833, 466
404, 0, 1, 26, 25, 17, 0.01%, 0, 1, 2, 45.96, 15065, 466
410, 0, 1, 26, 25, 17, 0.01%, 0, 1, 2, 47.89, 15311, 466
415, 0, 1, 26, 25, 17, 0.01%, 0, 1, 2, 49.12, 15567, 466
420, 0, 1, 27, 26, 17, 0.01%, 0, 1, 2, 44.79, 15793, 466
425, 0, 1, 27, 26, 17, 0.01%, 0, 1, 2, 43.68, 16017, 466
430, 0, 1, 27, 26, 17, 0.01%, 0, 1, 2, 48.79, 16255, 466
435, 0, 1, 27, 26, 17, 0.01%, 0, 1, 2, 47.78, 16488, 466
440, 0, 1, 27, 26, 17, 0.01%, 0, 1, 2, 48.74, 16730, 466
446, 0, 1, 28, 27, 17, 0.01%, 0, 1, 2, 59.23, 17052, 467
451, 0, 1, 28, 27, 17, 0.01%, 0, 1, 2, 51.45, 17310, 467
456, 0, 1, 28, 27, 17, 0.01%, 0, 1, 2, 46.25, 17531, 467
461, 0, 1, 28, 27, 17, 0.01%, 0, 1, 2, 58.05, 17837, 467
466, 0, 1, 28, 27, 17, 0.01%, 0, 1, 2, 52.04, 18099, 467
471, 0, 1, 28, 27, 17, 0.01%, 0, 1, 2, 48.76, 18357, 467
476, 0, 1, 28, 27, 17, 0.01%, 0, 1, 2, 57.99, 18649, 467
481, 0, 1, 28, 27, 17, 0.01%, 0, 1, 2, 52.79, 18889, 467
486, 0, 1, 28, 27, 17, 0.01%, 0, 1, 2, 54.82, 19187, 467
492, 0, 1, 28, 27, 17, 0.01%, 0, 1, 2, 57.56, 19477, 467
497, 0, 1, 28, 27, 17, 0.01%, 0, 1, 2, 45.96, 19699, 467
502, 0, 1, 28, 27, 17, 0.01%, 0, 1, 2, 46.91, 19937, 467
507, 0, 1, 28, 27, 17, 0.01%, 0, 1, 2, 46.61, 20180, 467
512, 0, 1, 28, 27, 17, 0.01%, 0, 1, 2, 49.57, 20427, 467
517, 0, 1, 29, 28, 17, 0.01%, 0, 1, 2, 49.29, 20685, 467
522, 0, 1, 29, 28, 17, 0.01%, 0, 1, 2, 43.51, 20909, 467
527, 0, 1, 29, 28, 17, 0.01%, 0, 1, 2, 53.04, 21203, 467
532, 0, 1, 29, 28, 17, 0.01%, 0, 1, 2, 51.82, 21461, 467
537, 0, 1, 29, 28, 17, 0.01%, 0, 1, 2, 47.90, 21702, 467
542, 0, 1, 29, 28, 17, 0.01%, 0, 1, 2, 48.31, 21954, 467
548, 0, 1, 29, 28, 17, 0.01%, 0, 1, 2, 49.51, 22206, 467
553, 0, 1, 29, 28, 17, 0.01%, 0, 1, 2, 49.51, 22451, 467
558, 0, 1, 29, 28, 17, 0.01%, 0, 1, 2, 41.20, 22649, 467
563, 0, 1, 29, 28, 17, 0.01%, 0, 1, 2, 43.45, 22870, 467
568, 0, 1, 29, 28, 17, 0.01%, 0, 1, 2, 45.61, 23121, 467
573, 0, 1, 29, 28, 17, 0.01%, 0, 1, 2, 47.67, 23373, 467
578, 0, 1, 29, 28, 17, 0.01%, 0, 1, 2, 30.46, 23503, 467
583, 0, 1, 29, 28, 17, 0.01%, 0, 1, 2, 23.05, 23610, 467
588, 0, 1, 29, 28, 17, 0.01%, 0, 1, 2, 22.02, 23706, 467
594, 0, 22, 29, 27, 20, 0.01%, 0, 1, 2, 21.82, 23831, 467
599, 0, 22, 29, 27, 20, 0.01%, 0, 1, 2, 32.68, 24011, 467
604, 0, 22, 29, 27, 20, 0.01%, 0, 1, 2, 24.22, 24116, 467
609, 0, 24, 29, 26, 19, 0.01%, 0, 1, 2, 22.12, 24240, 467
614, 0, 24, 29, 26, 19, 0.01%, 0, 1, 2, 34.56, 24427, 467
619, 0, 24, 29, 26, 19, 0.01%, 0, 1, 2, 25.71, 24539, 467
624, 0, 24, 29, 26, 19, 0.01%, 0, 1, 2, 24.69, 24653, 467
629, 0, 4, 30, 25, 18, 0.01%, 0, 1, 3, 163.26, 25246, 468
634, 0, 4, 30, 25, 18, 0.01%, 0, 1, 3, 27.58, 25428, 468
639, 0, 23, 30, 24, 17, 0.01%, 0, 1, 3, 30.46, 25563, 468
644, 0, 23, 30, 24, 17, 0.01%, 0, 1, 3, 20.58, 25665, 468
649, 0, 23, 31, 25, 17, 0.01%, 0, 1, 3, 36.88, 25866, 468
655, 0, 23, 31, 25, 17, 0.01%, 0, 1, 3, 42.49, 26086, 468
660, 0, 14, 31, 24, 17, 0.01%, 0, 1, 3, 69.56, 26369, 468
665, 0, 16, 31, 23, 16, 0.01%, 0, 1, 3, 118.47, 27016, 468
670, 0, 27, 31, 22, 15, 0.01%, 0, 1, 3, 17.76, 27275, 468
675, 0, 17, 31, 21, 14, 0.01%, 0, 1, 3, 17.08, 27609, 468
680, 0, 17, 31, 21, 14, 0.01%, 0, 1, 3, 13.90, 27675, 468
685, 0, 17, 31, 21, 14, 0.01%, 0, 1, 3, 13.08, 27741, 468
690, 0, 17, 31, 21, 14, 0.01%, 0, 1, 3, 12.87, 27807, 468
695, 0, 17, 31, 21, 14, 0.01%, 0, 1, 3, 22.32, 27919, 468
701, 0, 21, 31, 20, 13, 0.01%, 0, 1, 3, 43.62, 28198, 468
706, 0, 21, 31, 20, 13, 0.01%, 0, 1, 3, 36.90, 28340, 468
711, 0, 21, 31, 20, 13, 0.01%, 0, 1, 3, 30.06, 28499, 468
716, 0, 30, 31, 18, 11, 0.01%, 0, 1, 3, 12.74, 28821, 468
721, 0, 30, 31, 18, 11, 0.01%, 0, 1, 3, 30.19, 28963, 468
726, 0, 30, 31, 18, 11, 0.01%, 0, 1, 3, 25.52, 29075, 468
731, 0, 25, 31, 16, 9, 0.01%, 0, 1, 3, 120.15, 29400, 468
736, 0, 15, 31, 15, 8, 0.01%, 0, 1, 3, 120.27, 29816, 468
742, 0, 19, 31, 13, 6, 0.01%, 0, 1, 3, 135.74, 30493, 468
747, 0, 19, 31, 13, 6, 0.01%, 0, 1, 3, 13.99, 30625, 468
752, 0, 19, 31, 13, 6, 0.01%, 0, 1, 3, 13.11, 30691, 468
757, 0, 19, 31, 13, 6, 0.01%, 0, 1, 3, 13.06, 30757, 468
762, 0, 19, 31, 13, 6, 0.01%, 0, 1, 3, 13.73, 30827, 468
767, 0, 19, 31, 13, 6, 0.01%, 0, 1, 3, 22.39, 30963, 468
772, 0, 20, 31, 12, 5, 0.01%, 0, 1, 3, 37.46, 31185, 468
778, 0, 20, 31, 12, 5, 0.01%, 0, 1, 3, 15.84, 31379, 468
783, 0, 20, 31, 12, 5, 0.01%, 0, 1, 3, 13.53, 31445, 468
788, 0, 20, 31, 12, 5, 0.01%, 0, 1, 3, 12.99, 31511, 468
793, 0, 20, 31, 12, 5, 0.01%, 0, 1, 3, 12.81, 31577, 468
798, 0, 20, 31, 12, 5, 0.01%, 0, 1, 3, 17.82, 31663, 468
803, 0, 20, 31, 12, 5, 0.01%, 0, 1, 3, 28.24, 31900, 468
808, 0, 18, 31, 11, 4, 0.01%, 0, 1, 3, 12.80, 32208, 468
814, 0, 18, 31, 11, 4, 0.01%, 0, 1, 3, 12.82, 32274, 468
819, 0, 18, 31, 11, 4, 0.01%, 0, 1, 3, 12.80, 32337, 468
824, 0, 18, 31, 11, 4, 0.01%, 0, 1, 3, 12.74, 32402, 468
829, 0, 18, 31, 11, 4, 0.01%, 0, 1, 3, 12.78, 32547, 468
834, 0, 24, 31, 10, 3, 0.01%, 0, 1, 3, 26.32, 32768, 468
839, 0, 24, 31, 10, 3, 0.01%, 0, 1, 3, 41.16, 32996, 468
844, 0, 24, 31, 10, 3, 0.01%, 0, 1, 3, 48.02, 33241, 468
849, 0, 24, 31, 10, 3, 0.01%, 0, 1, 3, 34.33, 33433, 468
854, 0, 24, 31, 10, 3, 0.01%, 0, 1, 3, 24.83, 33532, 468
860, 0, 24, 31, 10, 3, 0.01%, 0, 1, 3, 26.39, 33738, 468
865, 0, 24, 31, 10, 3, 0.01%, 0, 1, 3, 17.89, 33815, 468
870, 0, 24, 31, 10, 3, 0.01%, 0, 1, 3, 15.78, 33892, 468
875, 0, 24, 31, 10, 3, 0.01%, 0, 1, 3, 112.78, 34022, 468
880, 0, 24, 31, 10, 3, 0.01%, 0, 1, 3, 16.68, 34148, 468
885, 0, 24, 31, 10, 3, 0.01%, 0, 1, 3, 12.77, 34363, 468
890, 0, 24, 31, 10, 3, 0.01%, 0, 1, 3, 16.79, 34452, 468
895, 0, 24, 31, 10, 3, 0.01%, 0, 1, 3, 15.74, 34531, 468
901, 0, 12, 31, 9, 2, 0.01%, 0, 1, 3, 120.12, 34747, 468
906, 0, 1, 31, 7, 0, 0.01%, 0, 1, 3, 23.27, 35237, 468
911, 0, 1, 31, 7, 0, 0.01%, 0, 1, 3, 42.51, 35473, 468
916, 0, 1, 31, 7, 0, 0.01%, 0, 1, 3, 40.66, 35678, 468
921, 0, 1, 31, 7, 0, 0.01%, 0, 1, 3, 41.63, 35900, 468
926, 0, 1, 31, 7, 0, 0.01%, 0, 1, 3, 46.72, 36069, 468
931, 0, 1, 31, 7, 0, 0.01%, 0, 1, 3, 34.81, 36271, 468
937, 0, 1, 31, 7, 0, 0.01%, 0, 1, 3, 21.45, 36356, 468
942, 0, 1, 31, 7, 0, 0.01%, 0, 1, 3, 16.55, 36587, 468
947, 0, 1, 31, 7, 0, 0.01%, 0, 1, 3, 15.89, 36666, 468
952, 0, 1, 31, 7, 0, 0.01%, 0, 1, 3, 16.34, 36752, 468
957, 0, 1, 31, 7, 0, 0.01%, 0, 1, 3, 12.24, 36930, 468
962, 0, 1, 31, 7, 0, 0.01%, 0, 1, 3, 14.84, 37009, 468
967, 0, 23, 31, 7, 0, 0.01%, 0, 1, 3, 38.91, 37222, 468
972, 0, 23, 31, 7, 0, 0.01%, 1, 1, 3, 42.85, 37461, 468
978, 0, 23, 31, 7, 0, 0.01%, 1, 1, 3, 45.14, 37693, 468
983, 0, 23, 31, 7, 0, 0.01%, 1, 1, 3, 35.32, 37863, 468
988, 0, 23, 31, 7, 0, 0.01%, 1, 1, 3, 21.96, 37946, 468
993, 0, 23, 31, 7, 0, 0.01%, 1, 1, 3, 16.97, 38023, 468
998, 0, 23, 31, 7, 0, 0.01%, 1, 1, 3, 15.69, 38172, 468
1003, 0, 23, 31, 7, 0, 0.01%, 1, 1, 3, 34.52, 38337, 468
1008, 0, 23, 31, 7, 0, 0.01%, 1, 1, 3, 30.44, 38518, 468
1013, 0, 23, 31, 7, 0, 0.01%, 1, 1, 3, 33.15, 38676, 468
1018, 0, 23, 31, 7, 0, 0.01%, 1, 1, 3, 21.54, 38774, 468
1024, 0, 23, 31, 7, 0, 0.01%, 1, 1, 3, 17.21, 38852, 468
1029, 0, 29, 31, 7, 0, 0.01%, 1, 1, 3, 26.74, 38982, 468
1034, 0, 24, 31, 7, 0, 0.01%, 1, 1, 3, 45.70, 39270, 468
1039, 0, 24, 31, 7, 0, 0.01%, 1, 1, 3, 47.79, 39516, 468
1044, 0, 24, 31, 7, 0, 0.01%, 1, 1, 3, 55.13, 39782, 468
1049, 0, 24, 31, 7, 0, 0.01%, 1, 1, 3, 11.09, 40003, 468
1054, 0, 24, 31, 7, 0, 0.01%, 1, 1, 3, 13.84, 40077, 468
1059, 0, 24, 31, 7, 0, 0.01%, 1, 1, 3, 103.71, 40353, 468
1064, 0, 24, 31, 7, 0, 0.01%, 1, 1, 3, 17.40, 40481, 468
1069, 0, 24, 31, 7, 0, 0.01%, 1, 1, 3, 15.48, 40555, 468
1074, 0, 24, 31, 7, 0, 0.01%, 1, 1, 3, 15.33, 40630, 468
1080, 0, 24, 31, 7, 0, 0.01%, 1, 1, 3, 12.15, 40851, 468
1085, 0, 24, 31, 7, 0, 0.01%, 1, 1, 3, 14.91, 40937, 468
1090, 0, 24, 31, 7, 0, 0.01%, 1, 1, 3, 101.62, 41067, 468
1095, 0, 24, 31, 7, 0, 0.01%, 1, 1, 3, 68.81, 41354, 468
1100, 0, 24, 31, 7, 0, 0.01%, 1, 1, 3, 56.03, 41612, 468
1105, 0, 24, 31, 7, 0, 0.01%, 1, 1, 3, 30.83, 41751, 468
1110, 0, 24, 31, 7, 0, 0.01%, 1, 1, 3, 20.06, 41838, 468
1116, 0, 24, 31, 7, 0, 0.01%, 1, 1, 3, 20.83, 41942, 468
1121, 0, 24, 31, 7, 0, 0.01%, 1, 1, 3, 17.25, 42025, 468
1126, 0, 24, 31, 7, 0, 0.01%, 1, 1, 3, 18.51, 42409, 468
1131, 0, 24, 31, 7, 0, 0.01%, 1, 1, 3, 19.26, 42499, 468
1136, 0, 24, 31, 7, 0, 0.01%, 1, 1, 3, 23.52, 42622, 468
1141, 0, 24, 31, 7, 0, 0.01%, 1, 1, 3, 26.50, 42877, 468
1146, 0, 24, 31, 7, 0, 0.01%, 1, 1, 3, 56.72, 43189, 468
1151, 0, 24, 31, 7, 0, 0.01%, 1, 1, 3, 53.92, 43464, 468
1156, 0, 24, 31, 7, 0, 0.01%, 1, 1, 3, 82.89, 43922, 468
1162, 0, 24, 31, 7, 0, 0.01%, 1, 1, 3, 45.10, 44100, 468
1167, 0, 24, 31, 7, 0, 0.01%, 1, 1, 3, 29.44, 44245, 468
1172, 0, 24, 31, 7, 0, 0.01%, 1, 1, 3, 56.60, 44532, 468
1177, 0, 24, 31, 7, 0, 0.01%, 1, 1, 3, 27.02, 44615, 468
1182, 0, 24, 31, 7, 0, 0.01%, 1, 1, 3, 19.30, 44774, 468
1187, 0, 23, 31, 7, 0, 0.01%, 1, 1, 3, 77.09, 45001, 468
1192, 0, 23, 31, 7, 0, 0.01%, 1, 1, 3, 61.87, 45275, 468
1197, 0, 23, 31, 7, 0, 0.01%, 1, 1, 3, 83.60, 45661, 468
1202, 0, 23, 31, 7, 0, 0.01%, 1, 1, 3, 14.06, 45821, 468
1208, 0, 23, 31, 7, 0, 0.01%, 1, 1, 3, 14.62, 45977, 468
1213, 0, 23, 31, 7, 0, 0.01%, 1, 1, 3, 13.77, 46048, 468
1218, 0, 23, 31, 7, 0, 0.01%, 1, 1, 3, 14.90, 46129, 468
1223, 0, 23, 31, 7, 0, 0.01%, 1, 1, 3, 22.52, 46241, 468
1228, 0, 23, 31, 7, 0, 0.01%, 1, 1, 3, 19.63, 46348, 468
1233, 0, 23, 31, 7, 0, 0.01%, 1, 1, 3, 19.04, 46596, 468
1238, 0, 24, 31, 7, 0, 0.01%, 1, 1, 3, 79.49, 46909, 468
1244, 0, 24, 31, 7, 0, 0.01%, 1, 1, 3, 69.47, 47229, 468
1249, 0, 24, 31, 7, 0, 0.01%, 1, 1, 3, 45.04, 47469, 468
1254, 0, 24, 31, 7, 0, 0.01%, 1, 1, 3, 26.71, 47574, 468
1259, 0, 24, 31, 7, 0, 0.01%, 1, 1, 3, 36.15, 47736, 468
1264, 0, 24, 31, 7, 0, 0.01%, 1, 1, 3, 46.01, 47990, 468
1269, 0, 24, 31, 7, 0, 0.01%, 1, 1, 3, 23.44, 48069, 468
1274, 0, 24, 31, 7, 0, 0.01%, 1, 1, 3, 57.24, 48473, 468
1279, 0, 24, 31, 7, 0, 0.01%, 1, 1, 3, 27.36, 48572, 468
1284, 0, 24, 31, 7, 0, 0.01%, 1, 1, 3, 18.37, 48650, 468
1290, 1, 1, 31, 7, 0, 0.01%, 1, 1, 3, 31.55, 49032, 468
1295, 1, 1, 31, 7, 0, 0.01%, 1, 1, 3, 47.03, 49296, 468
1300, 1, 1, 31, 7, 0, 0.01%, 1, 1, 3, 76.40, 49703, 468
1305, 1, 1, 31, 7, 0, 0.01%, 1, 1, 3, 14.86, 49783, 468
1310, 1, 1, 31, 7, 0, 0.01%, 1, 1, 3, 12.70, 50058, 468
1315, 1, 1, 31, 7, 0, 0.01%, 1, 1, 3, 107.54, 50219, 468
1320, 1, 1, 31, 7, 0, 0.01%, 1, 1, 3, 128.08, 50328, 468
1325, 1, 1, 31, 7, 0, 0.01%, 1, 1, 3, 18.85, 50464, 468
1331, 1, 24, 31, 7, 0, 0.01%, 1, 1, 3, 34.49, 50638, 468
1336, 1, 24, 31, 7, 0, 0.01%, 1, 1, 3, 56.52, 50950, 468
1341, 1, 24, 31, 7, 0, 0.01%, 1, 1, 3, 60.13, 51257, 468
1346, 1, 24, 31, 7, 0, 0.01%, 1, 1, 3, 32.65, 51401, 468
1351, 1, 24, 31, 7, 0, 0.01%, 1, 1, 3, 18.96, 51474, 468
1356, 1, 24, 31, 7, 0, 0.01%, 1, 1, 3, 16.30, 51554, 468
1361, 1, 24, 31, 7, 0, 0.01%, 1, 1, 3, 18.97, 51646, 468
1366, 1, 24, 31, 7, 0, 0.01%, 1, 1, 3, 19.48, 51746, 468
1371, 1, 24, 31, 7, 0, 0.01%, 1, 1, 3, 32.90, 51930, 468
1376, 1, 24, 31, 7, 0, 0.01%, 1, 1, 3, 21.07, 52020, 468
1382, 1, 24, 31, 7, 0, 0.01%, 1, 1, 3, 28.38, 52433, 468
1387, 1, 24, 31, 7, 0, 0.01%, 1, 1, 3, 49.22, 52717, 468
1392, 1, 24, 31, 7, 0, 0.01%, 1, 1, 3, 59.52, 53029, 468
1397, 1, 24, 31, 7, 0, 0.01%, 1, 1, 3, 43.54, 53247, 468
1402, 1, 24, 31, 7, 0, 0.01%, 1, 1, 3, 31.40, 53372, 468
1407, 1, 24, 31, 7, 0, 0.01%, 1, 1, 3, 13.07, 53618, 468
1412, 1, 24, 31, 7, 0, 0.01%, 1, 1, 3, 14.53, 53697, 468
1417, 1, 24, 31, 7, 0, 0.01%, 1, 1, 3, 115.97, 54009, 468
1422, 1, 24, 31, 7, 0, 0.01%, 1, 1, 3, 15.86, 54092, 468
1427, 1, 24, 31, 7, 0, 0.01%, 1, 1, 3, 14.13, 54245, 468
1432, 1, 0, 31, 7, 0, 0.01%, 1, 1, 3, 28.96, 54760, 468
1437, 1, 0, 31, 7, 0, 0.01%, 1, 1, 3, 43.72, 55006, 468
1443, 1, 0, 31, 7, 0, 0.01%, 1, 1, 3, 38.11, 55186, 468
1448, 1, 0, 31, 7, 0, 0.01%, 1, 1, 3, 57.97, 55491, 468
1453, 1, 0, 31, 7, 0, 0.01%, 1, 1, 3, 22.81, 55790, 468
1458, 1, 0, 31, 7, 0, 0.01%, 1, 1, 3, 24.24, 55998, 468
1463, 1, 30, 31, 7, 0, 0.01%, 1, 1, 3, 23.99, 56122, 468
1468, 1, 30, 31, 7, 0, 0.01%, 1, 1, 3, 17.11, 56397, 468
1473, 1, 30, 31, 7, 0, 0.01%, 1, 1, 3, 17.38, 56547, 468
1479, 1, 13, 31, 7, 0, 0.01%, 1, 1, 3, 134.33, 56717, 468
1484, 1, 0, 31, 7, 0, 0.01%, 1, 1, 3, 30.15, 57127, 468
1489, 1, 0, 31, 7, 0, 0.01%, 1, 1, 3, 45.32, 57385, 468
1494, 1, 0, 31, 7, 0, 0.01%, 1, 1, 3, 45.61, 57642, 468
1499, 1, 0, 31, 7, 0, 0.01%, 1, 1, 3, 19.16, 58090, 468
1505, 1, 19, 31, 7, 0, 0.01%, 1, 1, 3, 28.73, 58231, 468
1510, 1, 25, 31, 7, 0, 0.01%, 1, 1, 3, 73.55, 58639, 468
1515, 1, 22, 31, 7, 0, 0.01%, 1, 1, 3, 28.53, 58930, 468
1520, 1, 22, 31, 7, 0, 0.01%, 1, 1, 3, 29.67, 59075, 468
1525, 1, 1, 31, 7, 0, 0.01%, 1, 1, 3, 44.48, 59341, 468
1530, 1, 1, 31, 7, 0, 0.01%, 1, 1, 3, 60.67, 59663, 468
1535, 1, 1, 31, 7, 0, 0.01%, 1, 1, 3, 36.54, 59843, 468
1540, 1, 1, 31, 7, 0, 0.01%, 1, 1, 3, 27.73, 59959, 468
1546, 1, 1, 31, 7, 0, 0.01%, 1, 1, 3, 19.76, 60047, 468
1551, 1, 1, 31, 7, 0, 0.01%, 1, 1, 3, 16.55, 60126, 468
1556, 1, 1, 31, 7, 0, 0.01%, 1, 1, 3, 15.51, 60206, 468
1561, 1, 1, 31, 7, 0, 0.01%, 1, 1, 3, 14.73, 60280, 468
1566, 1, 1, 31, 7, 0, 0.01%, 1, 1, 3, 16.03, 60362, 468
1571, 1, 1, 31, 7, 0, 0.01%, 1, 1, 3, 15.73, 60444, 468
1576, 1, 1, 31, 7, 0, 0.01%, 1, 1, 3, 15.94, 60600, 468
1581, 1, 1, 31, 7, 0, 0.01%, 1, 1, 3, 12.25, 60910, 468
1586, 1, 1, 31, 7, 0, 0.01%, 1, 1, 3, 14.51, 60986, 468
1591, 1, 1, 31, 7, 0, 0.01%, 1, 1, 3, 37.82, 61216, 468
1596, 1, 1, 31, 7, 0, 0.01%, 1, 1, 3, 43.64, 61447, 468
1601, 1, 1, 31, 7, 0, 0.01%, 1, 1, 3, 42.40, 61657, 468
1607, 1, 1, 31, 7, 0, 0.01%, 1, 1, 3, 40.06, 61911, 468
1612, 1, 1, 31, 7, 0, 0.01%, 1, 1, 3, 31.74, 62070, 468
1617, 1, 1, 31, 7, 0, 0.01%, 1, 1, 3, 45.03, 62302, 468
1622, 1, 1, 31, 7, 0, 0.01%, 1, 1, 3, 21.85, 62377, 468
1627, 1, 1, 31, 7, 0, 0.01%, 1, 1, 3, 213.29, 62630, 468
1632, 1, 1, 31, 7, 0, 0.01%, 1, 1, 3, 20.37, 62862, 468
1637, 1, 27, 31, 7, 0, 0.01%, 1, 1, 3, 191.90, 63410, 468
1643, 1, 27, 31, 7, 0, 0.01%, 1, 1, 3, 35.38, 63709, 468
1648, 1, 23, 31, 7, 0, 0.01%, 1, 1, 3, 53.65, 64043, 468
1653, 1, 23, 31, 7, 0, 0.01%, 1, 1, 3, 51.41, 64306, 468
1658, 1, 23, 31, 7, 0, 0.01%, 1, 1, 3, 67.01, 64635, 468
1663, 1, 23, 31, 7, 0, 0.01%, 1, 1, 3, 14.38, 64735, 468
1668, 1, 23, 31, 7, 0, 0.01%, 1, 1, 3, 14.44, 64893, 468
1673, 1, 23, 31, 7, 0, 0.01%, 1, 1, 3, 31.75, 65129, 468
1678, 1, 23, 31, 7, 0, 0.01%, 1, 1, 3, 63.55, 65539, 468
1683, 1, 23, 31, 7, 0, 0.01%, 1, 1, 3, 48.01, 65696, 468
1688, 1, 23, 31, 7, 0, 0.01%, 1, 1, 3, 23.84, 65779, 468
1693, 1, 24, 31, 7, 0, 0.01%, 1, 1, 3, 92.89, 66117, 468
1698, 1, 24, 31, 7, 0, 0.01%, 1, 1, 3, 73.35, 66435, 468
1704, 1, 24, 31, 7, 0, 0.01%, 1, 1, 3, 14.13, 66843, 468
1709, 1, 24, 31, 7, 0, 0.01%, 1, 1, 3, 147.48, 67122, 468
1714, 1, 24, 31, 7, 0, 0.01%, 1, 1, 3, 16.36, 67239, 468
1719, 1, 24, 31, 7, 0, 0.01%, 1, 1, 3, 16.29, 67321, 468
1724, 1, 24, 31, 7, 0, 0.01%, 1, 1, 3, 16.67, 67405, 468
1729, 1, 24, 31, 7, 0, 0.01%, 1, 1, 3, 16.42, 67490, 468
1734, 1, 29, 31, 7, 0, 0.01%, 1, 1, 3, 204.81, 67866, 468
1739, 1, 1, 31, 7, 0, 0.01%, 1, 1, 3, 36.50, 68483, 468
1744, 1, 1, 31, 7, 0, 0.01%, 1, 1, 3, 51.44, 68761, 468
1750, 1, 1, 31, 7, 0, 0.01%, 1, 1, 3, 60.58, 69073, 468
1755, 1, 1, 31, 7, 0, 0.01%, 1, 1, 3, 150.14, 69331, 468
1760, 1, 1, 31, 7, 0, 0.01%, 1, 1, 3, 19.26, 69459, 468
1765, 1, 1, 31, 7, 0, 0.01%, 1, 1, 3, 16.54, 69540, 468
1770, 1, 1, 31, 7, 0, 0.01%, 1, 1, 3, 22.32, 69755, 468
1775, 1, 1, 31, 7, 0, 0.01%, 1, 1, 3, 34.97, 69951, 468
1780, 1, 1, 31, 7, 0, 0.01%, 1, 1, 3, 21.21, 70036, 468
1785, 1, 24, 31, 7, 0, 0.01%, 1, 1, 3, 131.23, 70276, 468
1791, 1, 24, 31, 7, 0, 0.01%, 1, 1, 3, 79.04, 70608, 468
1796, 1, 24, 31, 7, 0, 0.01%, 1, 1, 3, 62.13, 70911, 468
1801, 1, 24, 31, 7, 0, 0.01%, 1, 1, 3, 37.44, 71090, 468
1806, 1, 24, 31, 7, 0, 0.01%, 1, 1, 3, 22.74, 71177, 468
1811, 1, 24, 31, 7, 0, 0.01%, 1, 1, 3, 28.65, 71322, 468
1816, 1, 24, 31, 7, 0, 0.01%, 1, 1, 3, 204.07, 71522, 468
1821, 1, 24, 31, 7, 0, 0.01%, 1, 1, 3, 18.98, 71718, 468
1827, 1, 27, 31, 7, 0, 0.01%, 1, 1, 3, 134.94, 72304, 468
1832, 1, 27, 31, 7, 0, 0.01%, 1, 1, 3, 111.94, 72539, 468
1837, 1, 27, 31, 7, 0, 0.01%, 1, 1, 3, 19.55, 72691, 468
1842, 1, 0, 32, 8, 0, 0.01%, 1, 1, 3, 35.70, 72905, 468
1847, 1, 0, 32, 8, 0, 0.01%, 1, 1, 3, 41.01, 73130, 468
1852, 1, 0, 32, 8, 0, 0.01%, 1, 1, 3, 41.10, 73331, 468
1857, 1, 0, 32, 8, 0, 0.01%, 1, 1, 3, 47.00, 73551, 468
1863, 1, 0, 32, 8, 0, 0.01%, 1, 1, 3, 39.97, 73741, 468
1868, 1, 0, 32, 8, 0, 0.01%, 1, 1, 3, 33.76, 73928, 468
1873, 1, 0, 32, 8, 0, 0.01%, 1, 1, 3, 60.07, 74287, 468
1878, 1, 31, 32, 8, 1, 0.01%, 1, 1, 3, 16.18, 74813, 468
1883, 1, 31, 32, 8, 1, 0.01%, 1, 1, 3, 13.72, 74879, 468
1888, 1, 31, 32, 8, 1, 0.01%, 1, 1, 3, 13.04, 74945, 468
1893, 1, 31, 32, 8, 1, 0.01%, 1, 1, 3, 13.01, 75011, 468
1898, 1, 31, 32, 8, 1, 0.01%, 1, 1, 3, 26.29, 75143, 468
1904, 1, 31, 32, 8, 1, 0.01%, 1, 1, 3, 30.08, 75310, 468
1909, 1, 31, 32, 8, 1, 0.01%, 1, 1, 3, 33.09, 75487, 468
1914, 1, 1, 32, 7, 0, 0.01%, 1, 1, 3, 44.96, 75709, 468
1919, 1, 1, 32, 7, 0, 0.01%, 1, 1, 3, 54.47, 75964, 468
1924, 1, 1, 32, 7, 0, 0.01%, 1, 1, 3, 56.17, 76271, 468
1929, 1, 1, 32, 7, 0, 0.01%, 1, 1, 3, 37.72, 76466, 468
1934, 1, 1, 32, 7, 0, 0.01%, 1, 1, 3, 20.84, 76544, 468
1939, 1, 1, 32, 7, 0, 0.01%, 1, 1, 3, 52.11, 76823, 468
1945, 1, 1, 32, 7, 0, 0.01%, 1, 1, 3, 27.22, 76916, 468
1950, 1, 1, 32, 7, 0, 0.01%, 1, 1, 3, 18.84, 76996, 468
1955, 1, 1, 32, 7, 0, 0.01%, 1, 1, 3, 22.08, 77407, 468
1960, 1, 1, 32, 7, 0, 0.01%, 1, 1, 3, 19.94, 77507, 468
1965, 1, 1, 32, 7, 0, 0.01%, 1, 1, 3, 49.14, 77766, 468
1970, 1, 1, 32, 7, 0, 0.01%, 1, 1, 3, 54.58, 78075, 468
1975, 1, 1, 32, 7, 0, 0.01%, 1, 1, 3, 73.11, 78411, 468
1980, 1, 1, 32, 7, 0, 0.01%, 1, 1, 3, 13.14, 78612, 468
1985, 1, 1, 32, 7, 0, 0.01%, 1, 1, 3, 33.77, 78770, 468
1991, 1, 1, 32, 7, 0, 0.01%, 1, 1, 3, 32.34, 78973, 468
1996, 1, 1, 32, 7, 0, 0.01%, 1, 1, 3, 15.82, 79137, 468
2001, 1, 1, 32, 7, 0, 0.01%, 1, 1, 3, 106.02, 79544, 468
2006, 1, 1, 32, 7, 0, 0.01%, 1, 1, 3, 65.63, 79816, 468
2011, 1, 1, 32, 7, 0, 0.01%, 1, 1, 3, 58.71, 80082, 468
2016, 1, 1, 32, 7, 0, 0.01%, 1, 1, 3, 65.96, 80359, 468
2021, 1, 1, 32, 7, 0, 0.01%, 1, 1, 3, 13.36, 80581, 468
2027, 1, 1, 32, 7, 0, 0.01%, 1, 1, 3, 18.42, 80737, 468
2032, 1, 1, 32, 7, 0, 0.01%, 1, 1, 3, 15.74, 80811, 468
2037, 1, 1, 32, 7, 0, 0.01%, 1, 1, 3, 120.23, 80924, 468
2042, 1, 1, 32, 7, 0, 0.01%, 1, 1, 3, 14.44, 81107, 468
2047, 1, 24, 32, 7, 0, 0.01%, 1, 1, 3, 92.51, 81418, 468
2052, 1, 24, 32, 7, 0, 0.01%, 1, 1, 3, 49.24, 81710, 468
2057, 1, 24, 32, 7, 0, 0.01%, 1, 1, 3, 31.99, 81875, 468
2063, 1, 24, 32, 7, 0, 0.01%, 1, 1, 3, 42.12, 82115, 468
2068, 1, 24, 32, 7, 0, 0.01%, 1, 1, 3, 43.71, 82290, 468
2073, 1, 24, 32, 7, 0, 0.01%, 1, 1, 3, 58.50, 82555, 468
2078, 1, 17, 32, 7, 0, 0.01%, 1, 1, 3, 17.50, 82862, 468
2083, 1, 1, 32, 7, 0, 0.01%, 1, 1, 3, 35.27, 83168, 468
2088, 1, 1, 32, 7, 0, 0.01%, 1, 1, 3, 51.18, 83461, 468
2093, 1, 1, 32, 7, 0, 0.01%, 1, 1, 3, 53.60, 83763, 468
2098, 1, 1, 32, 7, 0, 0.01%, 1, 1, 3, 39.35, 83906, 468
2104, 1, 1, 32, 7, 0, 0.01%, 1, 1, 3, 22.29, 84353, 468
2109, 1, 1, 32, 7, 0, 0.01%, 1, 1, 3, 15.09, 84519, 468
2114, 1, 1, 32, 7, 0, 0.01%, 1, 1, 3, 20.92, 84683, 468
2119, 1, 1, 32, 7, 0, 0.01%, 1, 1, 3, 17.62, 84767, 468
2124, 2, 0, 32, 7, 0, 0.01%, 1, 1, 3, 38.38, 84966, 468
2129, 2, 0, 32, 7, 0, 0.01%, 1, 1, 3, 45.88, 85224, 468
2134, 2, 0, 32, 7, 0, 0.01%, 1, 1, 3, 58.71, 85488, 468
2139, 2, 0, 32, 7, 0, 0.01%, 1, 1, 3, 54.84, 85728, 468
2144, 2, 0, 32, 7, 0, 0.01%, 1, 1, 3, 40.43, 85897, 468
2150, 2, 0, 32, 7, 0, 0.01%, 1, 1, 3, 28.29, 86013, 468
2155, 2, 19, 32, 7, 0, 0.01%, 1, 1, 3, 130.20, 86354, 468
2160, 2, 19, 32, 7, 0, 0.01%, 1, 1, 3, 24.88, 86566, 468
2165, 2, 0, 32, 7, 0, 0.01%, 1, 1, 3, 35.60, 86796, 468
2170, 2, 0, 32, 7, 0, 0.01%, 1, 1, 3, 40.75, 87010, 468
2175, 2, 0, 32, 7, 0, 0.01%, 1, 1, 3, 52.19, 87269, 468
2180, 2, 0, 32, 7, 0, 0.01%, 1, 1, 3, 50.44, 87514, 468
2185, 2, 0, 32, 7, 0, 0.01%, 1, 1, 3, 75.89, 87864, 468
2191, 2, 29, 32, 7, 0, 0.01%, 1, 1, 3, 85.42, 88249, 468
2196, 2, 0, 32, 7, 0, 0.01%, 1, 1, 3, 25.86, 88477, 468
2201, 2, 0, 32, 7, 0, 0.01%, 1, 1, 3, 42.71, 88713, 468
2206, 2, 0, 32, 7, 0, 0.01%, 1, 1, 3, 59.38, 89023, 468
2211, 2, 0, 32, 7, 0, 0.01%, 1, 1, 3, 97.42, 89384, 468
2216, 2, 0, 32, 7, 0, 0.01%, 1, 1, 3, 57.82, 89608, 468
2221, 2, 24, 32, 7, 0, 0.01%, 1, 1, 3, 63.59, 89976, 468
2226, 2, 24, 32, 7, 0, 0.01%, 1, 1, 3, 57.10, 90272, 468
2231, 2, 24, 32, 7, 0, 0.01%, 1, 1, 3, 34.54, 90435, 468
2237, 2, 24, 32, 7, 0, 0.01%, 1, 1, 3, 23.25, 90536, 468
2242, 2, 24, 32, 7, 0, 0.01%, 1, 1, 3, 19.33, 90626, 468
2247, 2, 24, 32, 7, 0, 0.01%, 1, 1, 3, 30.95, 90796, 468
2252, 2, 24, 32, 7, 0, 0.01%, 1, 1, 3, 39.51, 90987, 468
2257, 2, 24, 32, 7, 0, 0.01%, 1, 1, 3, 23.56, 91125, 468
2262, 2, 1, 32, 7, 0, 0.01%, 1, 1, 3, 34.76, 91295, 468
2267, 2, 1, 32, 7, 0, 0.01%, 1, 1, 3, 54.59, 91623, 468
2272, 2, 1, 32, 7, 0, 0.01%, 1, 1, 3, 46.19, 91839, 468
2277, 2, 1, 32, 7, 0, 0.01%, 1, 1, 3, 37.88, 92052, 468
2282, 2, 1, 32, 7, 0, 0.01%, 1, 1, 3, 67.11, 92359, 468
2287, 2, 1, 32, 7, 0, 0.01%, 1, 1, 3, 14.94, 92437, 468
2293, 2, 1, 32, 7, 0, 0.01%, 1, 1, 3, 64.69, 92709, 468
2298, 2, 1, 32, 7, 0, 0.01%, 1, 1, 3, 136.34, 92857, 468
2303, 2, 1, 32, 7, 0, 0.01%, 1, 1, 3, 15.90, 92948, 468
2308, 2, 31, 32, 7, 0, 0.01%, 1, 1, 3, 37.60, 93237, 468
2313, 2, 24, 32, 7, 0, 0.01%, 1, 1, 3, 45.05, 93476, 468
2318, 2, 24, 32, 7, 0, 0.01%, 1, 1, 3, 54.29, 93749, 468
2323, 2, 24, 32, 7, 0, 0.01%, 1, 1, 3, 45.17, 93991, 468
2329, 2, 24, 32, 7, 0, 0.01%, 1, 1, 3, 47.82, 94181, 468
2334, 2, 24, 32, 7, 0, 0.01%, 1, 1, 3, 43.82, 94346, 468
2339, 2, 24, 32, 7, 0, 0.01%, 1, 1, 3, 12.55, 94647, 468
2344, 2, 24, 32, 7, 0, 0.01%, 1, 1, 3, 24.23, 94775, 468
2349, 2, 24, 32, 7, 0, 0.01%, 1, 1, 3, 45.05, 95026, 468
2354, 2, 24, 33, 8, 0, 0.01%, 1, 1, 3, 51.56, 95304, 476
2359, 2, 24, 33, 8, 0, 0.01%, 1, 1, 3, 47.04, 95560, 476
2365, 2, 24, 34, 9, 0, 0.01%, 1, 1, 3, 53.80, 95850, 476
2370, 2, 24, 34, 9, 0, 0.01%, 1, 1, 3, 60.78, 96173, 476
2375, 2, 24, 34, 9, 0, 0.01%, 1, 1, 3, 60.79, 96512, 476
2380, 2, 24, 34, 9, 0, 0.01%, 1, 1, 3, 61.02, 96802, 476
2385, 2, 24, 34, 9, 0, 0.01%, 1, 1, 3, 32.24, 96946, 476
2390, 2, 24, 34, 9, 0, 0.01%, 1, 1, 3, 32.29, 97117, 476
2395, 2, 24, 34, 9, 0, 0.01%, 1, 1, 3, 22.62, 97232, 476
2401, 2, 24, 34, 9, 0, 0.01%, 1, 1, 3, 19.32, 97326, 476
2406, 2, 24, 34, 9, 0, 0.01%, 1, 1, 3, 20.49, 97445, 476
2411, 2, 24, 34, 9, 0, 0.01%, 1, 1, 3, 18.29, 97531, 476
2416, 2, 24, 34, 9, 0, 0.01%, 1, 1, 3, 23.66, 97663, 476
2421, 2, 33, 34, 9, 2, 0.01%, 1, 1, 3, 27.12, 97828, 476
2426, 2, 33, 34, 9, 2, 0.01%, 1, 1, 3, 43.34, 98036, 476
2431, 2, 33, 34, 9, 2, 0.01%, 1, 1, 3, 48.65, 98319, 476
2436, 2, 33, 34, 9, 2, 0.01%, 1, 1, 3, 29.73, 98434, 476
2441, 2, 33, 34, 9, 2, 0.01%, 1, 1, 3, 10.96, 98655, 476
2446, 2, 32, 34, 8, 1, 0.01%, 1, 1, 3, 15.19, 98820, 476
2452, 2, 32, 34, 8, 1, 0.01%, 1, 1, 3, 88.96, 99078, 476
2457, 2, 32, 34, 8, 1, 0.01%, 1, 1, 3, 16.83, 99260, 476
2462, 2, 32, 35, 9, 1, 0.01%, 1, 1, 4, 19.02, 99395, 476
2467, 2, 32, 35, 9, 1, 0.01%, 1, 1, 4, 20.91, 99510, 476
2472, 2, 32, 35, 9, 1, 0.01%, 1, 1, 4, 23.96, 99640, 476
2477, 2, 31, 35, 8, 0, 0.01%, 1, 1, 4, 32.70, 99795, 476
2482, 2, 33, 35, 8, 0, 0.01%, 1, 1, 4, 46.55, 100036, 476
2488, 2, 33, 35, 8, 0, 0.01%, 1, 1, 4, 54.00, 100325, 476
2493, 2, 33, 35, 8, 0, 0.01%, 1, 1, 4, 54.51, 100606, 476
2498, 2, 33, 35, 8, 0, 0.01%, 1, 1, 4, 14.87, 100881, 476
2503, 2, 33, 35, 8, 0, 0.01%, 1, 1, 4, 20.56, 101051, 476
2508, 2, 33, 35, 8, 0, 0.01%, 1, 1, 4, 27.74, 101203, 476
2513, 2, 33, 35, 8, 0, 0.01%, 1, 1, 4, 41.52, 101395, 476
2518, 2, 33, 35, 8, 0, 0.01%, 1, 1, 4, 26.11, 101507, 476
2523, 2, 33, 36, 9, 0, 0.01%, 1, 1, 4, 35.52, 101980, 477
2528, 2, 33, 36, 9, 0, 0.01%, 1, 1, 4, 51.60, 102263, 477
2533, 2, 33, 36, 9, 0, 0.01%, 1, 1, 4, 49.15, 102514, 477
2538, 2, 33, 36, 9, 0, 0.01%, 1, 1, 4, 52.53, 102793, 477
2544, 2, 33, 36, 9, 0, 0.01%, 1, 1, 4, 56.27, 103085, 477
2549, 2, 33, 36, 9, 0, 0.01%, 1, 1, 4, 37.69, 103278, 477
2554, 2, 33, 36, 9, 0, 0.01%, 1, 1, 4, 21.89, 103357, 477
2559, 2, 33, 36, 9, 0, 0.01%, 1, 1, 4, 17.35, 103439, 477
2564, 2, 33, 36, 9, 0, 0.01%, 1, 1, 4, 16.68, 103527, 477
2569, 2, 33, 36, 9, 0, 0.01%, 1, 1, 4, 12.34, 103688, 477
2575, 2, 33, 36, 9, 0, 0.01%, 1, 1, 4, 19.05, 103792, 477
2580, 2, 33, 36, 9, 0, 0.01%, 1, 1, 4, 35.86, 104121, 477
2585, 2, 33, 36, 9, 0, 0.01%, 1, 1, 4, 55.25, 104424, 477
2590, 2, 35, 36, 9, 1, 0.01%, 1, 1, 4, 97.18, 104965, 477
2595, 2, 35, 36, 9, 1, 0.01%, 1, 1, 4, 24.19, 105260, 477
2600, 2, 0, 36, 8, 0, 0.01%, 1, 1, 4, 41.78, 105501, 477
2605, 2, 0, 36, 8, 0, 0.01%, 1, 1, 4, 43.10, 105727, 477
2610, 2, 0, 36, 8, 0, 0.01%, 1, 1, 4, 49.42, 105971, 477
2616, 2, 0, 36, 8, 0, 0.01%, 1, 1, 4, 60.15, 106277, 477
2621, 2, 25, 36, 8, 0, 0.01%, 1, 1, 4, 119.97, 106863, 477
2626, 2, 33, 36, 8, 0, 0.01%, 1, 1, 4, 94.40, 107345, 477
2631, 2, 33, 36, 8, 0, 0.01%, 1, 1, 4, 72.32, 107672, 477
2636, 2, 33, 36, 8, 0, 0.01%, 1, 1, 4, 15.81, 107942, 477
2641, 2, 33, 36, 8, 0, 0.01%, 1, 1, 4, 30.10, 108181, 477
2646, 2, 33, 36, 8, 0, 0.01%, 1, 1, 4, 19.63, 108263, 477
2651, 2, 33, 36, 8, 0, 0.01%, 1, 1, 4, 27.80, 108397, 477
2656, 2, 33, 36, 8, 0, 0.01%, 1, 1, 4, 30.72, 108576, 477
2662, 2, 35, 36, 8, 0, 0.01%, 1, 1, 4, 167.31, 109065, 477
2667, 2, 35, 36, 8, 0, 0.01%, 1, 1, 4, 142.01, 109754, 477
2672, 2, 35, 36, 8, 0, 0.01%, 1, 1, 4, 158.25, 110529, 477
2677, 2, 35, 36, 8, 0, 0.01%, 1, 1, 4, 17.60, 110619, 477
2682, 2, 35, 36, 8, 0, 0.01%, 1, 1, 4, 15.53, 110695, 477
2687, 2, 35, 36, 8, 0, 0.01%, 1, 1, 4, 28.58, 110859, 477
2693, 2, 35, 36, 8, 0, 0.01%, 1, 1, 4, 101.18, 111360, 477
2698, 2, 35, 36, 8, 0, 0.01%, 1, 1, 4, 107.24, 111812, 477
2703, 2, 35, 36, 8, 0, 0.01%, 1, 1, 4, 18.25, 112139, 477
2708, 2, 35, 36, 8, 0, 0.01%, 1, 1, 4, 16.75, 112225, 477
2713, 2, 1, 36, 8, 0, 0.01%, 1, 1, 4, 21.14, 112669, 477
2718, 2, 1, 36, 8, 0, 0.01%, 1, 1, 4, 54.86, 112985, 477
2723, 2, 1, 36, 8, 0, 0.01%, 1, 1, 4, 95.17, 113447, 477
2728, 2, 1, 36, 8, 0, 0.01%, 1, 1, 4, 16.41, 113738, 477
2733, 2, 1, 36, 8, 0, 0.01%, 1, 1, 4, 17.79, 113836, 477
2739, 2, 1, 36, 8, 0, 0.01%, 1, 1, 4, 23.72, 114156, 477
2744, 2, 1, 36, 8, 0, 0.01%, 1, 1, 4, 22.15, 114252, 477
2749, 2, 27, 36, 8, 0, 0.01%, 1, 1, 4, 107.44, 114548, 477
2754, 2, 35, 36, 8, 0, 0.01%, 1, 1, 4, 138.90, 115168, 477
2759, 2, 35, 36, 8, 0, 0.01%, 1, 1, 4, 128.63, 115784, 477
2764, 2, 35, 36, 8, 0, 0.01%, 1, 1, 4, 162.36, 116610, 477
2769, 2, 35, 36, 8, 0, 0.01%, 1, 1, 4, 159.54, 117404, 477
2774, 2, 35, 36, 8, 0, 0.01%, 1, 1, 4, 165.25, 118242, 477
2779, 2, 35, 36, 8, 0, 0.01%, 1, 1, 4, 25.66, 118369, 477
2784, 2, 35, 36, 8, 0, 0.01%, 1, 1, 4, 166.13, 118860, 477
2789, 2, 35, 36, 8, 0, 0.01%, 1, 1, 4, 144.22, 119570, 477
2795, 2, 35, 36, 8, 0, 0.01%, 1, 1, 4, 159.35, 120347, 477
2800, 2, 35, 36, 8, 0, 0.01%, 1, 1, 4, 26.70, 120740, 477
2805, 2, 35, 36, 8, 0, 0.01%, 1, 1, 4, 50.00, 120996, 477
2810, 2, 35, 36, 8, 0, 0.01%, 1, 1, 4, 13.84, 121386, 477
2815, 2, 35, 37, 9, 0, 0.01%, 1, 1, 5, 16.03, 121475, 477
2820, 2, 35, 37, 9, 0, 0.01%, 1, 1, 5, 15.16, 121553, 477
2825, 2, 35, 37, 9, 0, 0.01%, 1, 1, 5, 17.49, 121646, 477
2830, 2, 35, 37, 9, 0, 0.01%, 1, 1, 5, 176.22, 122074, 477
2836, 2, 35, 37, 9, 0, 0.01%, 1, 1, 5, 51.75, 122472, 477
2841, 2, 0, 37, 9, 0, 0.01%, 1, 1, 5, 54.11, 122770, 477
2846, 2, 0, 37, 9, 0, 0.01%, 1, 1, 5, 46.28, 123016, 477
2851, 2, 0, 37, 9, 0, 0.01%, 1, 1, 5, 74.42, 123458, 477
2856, 2, 0, 37, 9, 0, 0.01%, 1, 1, 5, 23.10, 123631, 477
2861, 2, 0, 37, 9, 0, 0.01%, 1, 1, 5, 69.17, 124093, 477
2866, 2, 0, 37, 9, 0, 0.01%, 1, 1, 5, 47.41, 124298, 477
2871, 2, 0, 37, 9, 0, 0.01%, 1, 1, 5, 43.11, 124509, 477
2877, 2, 0, 37, 9, 0, 0.01%, 1, 1, 5, 19.13, 125025, 477
2882, 2, 0, 37, 9, 0, 0.01%, 1, 1, 5, 115.61, 125207, 477
2887, 2, 0, 37, 9, 0, 0.01%, 1, 1, 5, 35.47, 125379, 477
2892, 2, 0, 37, 9, 0, 0.01%, 1, 1, 5, 24.35, 125485, 477
2897, 2, 1, 37, 9, 0, 0.01%, 1, 1, 5, 50.04, 125767, 477
2902, 2, 1, 37, 9, 0, 0.01%, 1, 1, 5, 60.79, 126109, 477
2907, 2, 1, 37, 9, 0, 0.01%, 1, 1, 5, 15.71, 126409, 477
2912, 2, 1, 37, 9, 0, 0.01%, 1, 1, 5, 15.76, 126574, 477
2918, 2, 1, 37, 9, 0, 0.01%, 1, 1, 5, 103.40, 126765, 477
2923, 2, 1, 37, 9, 0, 0.01%, 1, 1, 5, 60.68, 127024, 477
2928, 2, 1, 37, 9, 0, 0.01%, 1, 1, 5, 65.99, 127359, 477
2933, 2, 1, 37, 9, 0, 0.01%, 1, 1, 5, 30.92, 127467, 477
2938, 2, 33, 37, 9, 0, 0.01%, 1, 1, 5, 57.28, 127773, 477
2943, 2, 33, 37, 9, 0, 0.01%, 1, 1, 5, 55.07, 128069, 477
2948, 2, 33, 37, 9, 0, 0.01%, 1, 1, 5, 32.99, 128190, 477
2954, 2, 33, 37, 9, 0, 0.01%, 1, 1, 5, 16.32, 128339, 477
2959, 2, 33, 37, 9, 0, 0.01%, 1, 1, 5, 32.07, 128606, 477
2964, 2, 33, 37, 9, 0, 0.01%, 1, 1, 5, 26.42, 128729, 477
2969, 2, 29, 37, 9, 0, 0.01%, 1, 1, 5, 85.56, 129151, 477
2974, 2, 0, 37, 9, 0, 0.01%, 1, 1, 5, 30.11, 129576, 477
2979, 2, 0, 37, 9, 0, 0.01%, 1, 1, 5, 40.42, 129805, 477
2984, 2, 0, 37, 9, 0, 0.01%, 1, 1, 5, 41.38, 129996, 477
2989, 2, 0, 37, 9, 0, 0.01%, 1, 1, 5, 24.97, 130470, 477
2994, 2, 0, 37, 9, 0, 0.01%, 1, 1, 5, 33.23, 130684, 477
2999, 2, 0, 37, 9, 0, 0.01%, 1, 1, 5, 27.50, 130811, 477
3005, 2, 0, 37, 9, 0, 0.01%, 1, 1, 5, 22.72, 130928, 477
3010, 2, 35, 37, 9, 0, 0.01%, 1, 1, 5, 12.61, 131307, 477
3015, 2, 35, 37, 9, 0, 0.01%, 1, 1, 5, 109.56, 131475, 477
3020, 2, 33, 37, 9, 0, 0.01%, 1, 1, 5, 52.76, 131765, 477
3025, 2, 33, 37, 9, 0, 0.01%, 1, 1, 5, 55.06, 132048, 477
3030, 2, 33, 37, 9, 0, 0.01%, 1, 1, 5, 35.10, 132177, 477
3035, 2, 33, 37, 9, 0, 0.01%, 1, 1, 5, 45.49, 132364, 477
3040, 2, 33, 37, 9, 0, 0.01%, 1, 1, 5, 23.79, 132447, 477
3046, 2, 33, 37, 9, 0, 0.01%, 1, 1, 5, 18.36, 132536, 477
3051, 2, 33, 37, 9, 0, 0.01%, 1, 1, 5, 16.48, 132703, 477
3056, 2, 33, 37, 9, 0, 0.01%, 1, 1, 5, 25.16, 132846, 477
3061, 2, 19, 37, 9, 0, 0.01%, 1, 1, 5, 61.53, 133213, 477
3066, 2, 32, 37, 9, 0, 0.01%, 1, 1, 5, 66.19, 133543, 477
3071, 2, 32, 37, 9, 0, 0.01%, 1, 1, 5, 59.76, 133820, 477
3077, 2, 32, 37, 9, 0, 0.01%, 1, 1, 5, 95.75, 134297, 477
3082, 2, 32, 37, 9, 0, 0.01%, 1, 1, 5, 45.88, 134456, 477
3087, 2, 32, 37, 9, 0, 0.01%, 1, 1, 5, 24.90, 134703, 477
3092, 2, 32, 37, 9, 0, 0.01%, 1, 1, 5, 22.80, 134827, 477
3097, 2, 29, 37, 9, 0, 0.01%, 1, 1, 5, 138.71, 135226, 477
3102, 2, 33, 37, 9, 0, 0.01%, 1, 1, 5, 58.19, 135581, 477
3107, 2, 33, 37, 9, 0, 0.01%, 1, 1, 5, 71.96, 135967, 477
3112, 2, 33, 37, 9, 0, 0.01%, 1, 1, 5, 92.51, 136396, 477
3117, 2, 33, 38, 10, 0, 0.01%, 1, 1, 5, 70.64, 136683, 477
3123, 2, 35, 38, 10, 0, 0.01%, 1, 1, 5, 189.49, 136971, 477
3128, 2, 35, 38, 10, 0, 0.01%, 1, 1, 5, 14.51, 137300, 477
3133, 3, 35, 38, 10, 0, 0.01%, 1, 1, 5, 146.48, 137671, 477
3138, 3, 35, 38, 10, 0, 0.01%, 1, 1, 5, 21.09, 137885, 477
3143, 3, 1, 38, 10, 0, 0.01%, 1, 1, 5, 102.58, 138243, 477
3148, 3, 1, 38, 10, 0, 0.01%, 1, 1, 5, 71.01, 138533, 477
3153, 3, 1, 38, 10, 0, 0.01%, 1, 1, 5, 14.87, 138829, 477
3158, 3, 1, 38, 10, 0, 0.01%, 1, 1, 5, 21.86, 138999, 477
3163, 3, 1, 38, 10, 0, 0.01%, 1, 1, 5, 140.61, 139201, 477
3168, 3, 1, 38, 10, 0, 0.01%, 1, 1, 5, 18.95, 139440, 477
3174, 3, 1, 38, 10, 0, 0.01%, 1, 1, 5, 22.57, 139570, 477
3179, 3, 1, 38, 10, 0, 0.01%, 1, 1, 5, 16.85, 139820, 477
3184, 3, 1, 38, 10, 0, 0.01%, 1, 1, 5, 37.00, 140159, 477
3189, 3, 1, 38, 10, 0, 0.01%, 1, 1, 5, 66.29, 140542, 477
3194, 3, 1, 38, 10, 0, 0.01%, 1, 1, 5, 49.57, 140782, 477
3199, 3, 1, 38, 10, 0, 0.01%, 1, 1, 5, 31.70, 140898, 477
3204, 3, 1, 38, 10, 0, 0.01%, 1, 1, 5, 25.01, 141033, 477
3209, 3, 1, 38, 10, 0, 0.01%, 1, 1, 5, 70.99, 141456, 477
3214, 3, 1, 38, 10, 0, 0.01%, 1, 1, 5, 37.25, 141576, 477
3220, 3, 1, 38, 10, 0, 0.01%, 1, 1, 5, 40.79, 141852, 477
3225, 3, 1, 38, 10, 0, 0.01%, 1, 1, 5, 22.55, 141931, 477
3230, 3, 30, 38, 10, 0, 0.01%, 1, 1, 5, 35.94, 142088, 477
3235, 3, 30, 38, 10, 0, 0.01%, 1, 1, 5, 30.28, 142244, 477
3240, 3, 33, 38, 10, 0, 0.01%, 1, 1, 5, 42.81, 142441, 477
3245, 3, 33, 38, 10, 0, 0.01%, 1, 1, 5, 57.48, 142752, 477
3250, 3, 33, 38, 10, 0, 0.01%, 1, 1, 5, 35.03, 142919, 477
3256, 3, 33, 38, 10, 0, 0.01%, 1, 1, 5, 21.27, 143064, 477
3261, 3, 33, 38, 10, 0, 0.01%, 1, 1, 5, 30.63, 143210, 477
3266, 3, 33, 38, 10, 0, 0.01%, 1, 1, 5, 13.57, 143347, 477
3271, 3, 33, 38, 10, 0, 0.01%, 1, 1, 5, 17.68, 143507, 477
3276, 3, 33, 38, 10, 0, 0.01%, 1, 1, 5, 17.39, 143599, 477
3281, 3, 33, 38, 10, 0, 0.01%, 1, 1, 5, 16.01, 143680, 477
3286, 3, 1, 38, 10, 0, 0.01%, 1, 1, 5, 115.24, 144088, 477
3291, 3, 1, 38, 10, 0, 0.01%, 1, 1, 5, 79.20, 144440, 477
3297, 3, 1, 38, 10, 0, 0.01%, 1, 1, 5, 63.12, 144713, 477
3302, 3, 1, 38, 10, 0, 0.01%, 1, 1, 5, 44.98, 144880, 477
3307, 3, 1, 38, 10, 0, 0.01%, 1, 1, 5, 24.49, 144969, 477
3312, 3, 1, 38, 10, 0, 0.01%, 1, 1, 5, 16.75, 145135, 477
3317, 3, 1, 38, 10, 0, 0.01%, 1, 1, 5, 160.74, 145346, 477
3322, 3, 1, 38, 10, 0, 0.01%, 1, 1, 5, 19.81, 145543, 477
3327, 3, 1, 38, 10, 0, 0.01%, 1, 1, 5, 37.80, 145737, 477
3332, 3, 22, 38, 10, 0, 0.01%, 1, 1, 5, 220.65, 145998, 477
3337, 3, 22, 38, 10, 0, 0.01%, 1, 1, 5, 29.22, 146233, 477
3342, 3, 22, 38, 10, 0, 0.01%, 1, 1, 5, 30.88, 146406, 477
3348, 3, 1, 38, 10, 0, 0.01%, 1, 1, 5, 56.54, 146709, 477
3353, 3, 1, 38, 10, 0, 0.01%, 1, 1, 5, 56.14, 147008, 477
3358, 3, 1, 38, 10, 0, 0.01%, 1, 1, 5, 65.76, 147351, 477
3363, 3, 1, 38, 10, 0, 0.01%, 1, 1, 5, 15.40, 147444, 477
3368, 3, 1, 38, 10, 0, 0.01%, 1, 1, 5, 15.63, 147527, 477
3373, 3, 1, 38, 10, 0, 0.01%, 1, 1, 5, 29.97, 147729, 477
3379, 3, 1, 38, 10, 0, 0.01%, 1, 1, 5, 23.62, 147852, 477
3384, 3, 1, 38, 10, 0, 0.01%, 1, 1, 5, 25.93, 148137, 477
3389, 3, 1, 38, 10, 0, 0.01%, 1, 1, 5, 16.52, 148316, 477
3394, 3, 1, 38, 10, 0, 0.01%, 1, 1, 5, 22.27, 148419, 477
3399, 3, 1, 38, 10, 0, 0.01%, 1, 1, 5, 59.66, 148758, 477
3404, 3, 1, 38, 10, 0, 0.01%, 1, 1, 5, 71.07, 149130, 477
3409, 3, 1, 38, 10, 0, 0.01%, 1, 1, 5, 18.55, 149337, 477
3414, 3, 1, 38, 10, 0, 0.01%, 1, 1, 5, 13.15, 149625, 477
3420, 3, 1, 38, 10, 0, 0.01%, 1, 1, 5, 43.32, 149850, 477
3425, 3, 1, 38, 10, 0, 0.01%, 1, 1, 5, 43.67, 150143, 477
3430, 3, 35, 38, 10, 0, 0.01%, 1, 1, 5, 57.67, 150390, 477
3435, 3, 35, 38, 10, 0, 0.01%, 1, 1, 5, 16.61, 150615, 477
3440, 3, 0, 38, 10, 0, 0.01%, 1, 1, 5, 37.14, 151005, 477
3445, 3, 0, 38, 10, 0, 0.01%, 1, 1, 5, 36.37, 151191, 477
3450, 3, 0, 38, 10, 0, 0.01%, 1, 1, 5, 42.78, 151423, 477
3456, 3, 0, 38, 10, 0, 0.01%, 1, 1, 5, 36.50, 151623, 477
3461, 3, 0, 38, 10, 0, 0.01%, 1, 1, 5, 148.54, 152049, 477
3466, 3, 0, 38, 10, 0, 0.01%, 1, 1, 5, 26.41, 152377, 477
3471, 3, 0, 38, 10, 0, 0.01%, 1, 1, 5, 183.50, 152758, 477
3476, 3, 0, 38, 10, 0, 0.01%, 1, 1, 5, 40.29, 152996, 477
3481, 3, 0, 38, 10, 0, 0.01%, 1, 1, 5, 44.19, 153223, 477
3486, 3, 0, 38, 10, 0, 0.01%, 1, 1, 5, 39.96, 153415, 477
3491, 3, 0, 38, 10, 0, 0.01%, 1, 1, 5, 36.10, 153622, 477
3496, 3, 0, 38, 10, 0, 0.01%, 1, 1, 5, 14.62, 153864, 477
3501, 3, 0, 38, 10, 0, 0.01%, 1, 1, 5, 17.58, 153952, 477
3507, 3, 0, 38, 10, 0, 0.01%, 1, 1, 5, 18.33, 154259, 477
3512, 3, 35, 38, 10, 0, 0.01%, 1, 1, 5, 203.67, 154773, 477
3517, 3, 35, 38, 10, 0, 0.01%, 1, 1, 5, 34.89, 155261, 477
3522, 3, 35, 38, 10, 0, 0.01%, 1, 1, 5, 21.55, 155644, 477
3527, 3, 35, 38, 10, 0, 0.01%, 1, 1, 5, 17.86, 155891, 477
3532, 3, 33, 38, 10, 0, 0.01%, 1, 1, 5, 134.33, 156507, 477
3537, 3, 33, 38, 10, 0, 0.01%, 1, 1, 5, 82.55, 156857, 477
3543, 3, 33, 38, 10, 0, 0.01%, 1, 1, 5, 61.16, 157120, 477
3548, 3, 33, 38, 10, 0, 0.01%, 1, 1, 5, 41.35, 157289, 477
3553, 3, 33, 38, 10, 0, 0.01%, 1, 1, 5, 23.91, 157536, 477
3558, 3, 33, 38, 10, 0, 0.01%, 1, 1, 5, 20.55, 157688, 477
3563, 3, 0, 38, 10, 0, 0.01%, 1, 1, 5, 118.53, 158176, 477
3568, 3, 0, 38, 10, 0, 0.01%, 1, 1, 5, 67.45, 158450, 477
3573, 3, 0, 38, 10, 0, 0.01%, 1, 1, 5, 56.55, 158705, 477
3578, 3, 0, 38, 10, 0, 0.01%, 1, 1, 5, 62.78, 159041, 477
3583, 3, 0, 38, 10, 0, 0.01%, 1, 1, 5, 59.83, 159387, 477
3588, 3, 0, 38, 10, 0, 0.01%, 1, 1, 5, 40.25, 159565, 477
3594, 3, 0, 38, 10, 0, 0.01%, 1, 1, 5, 70.31, 159965, 477
3599, 3, 27, 38, 10, 0, 0.01%, 1, 1, 5, 74.40, 160288, 477
3604, 3, 0, 38, 10, 0, 0.01%, 1, 1, 5, 46.67, 160503, 477
3609, 3, 0, 38, 10, 0, 0.01%, 1, 1, 5, 46.12, 160755, 477
3614, 3, 0, 38, 10, 0, 0.01%, 1, 1, 5, 48.90, 161001, 477
3619, 3, 0, 38, 10, 0, 0.01%, 1, 1, 5, 20.55, 161442, 477
3624, 3, 0, 38, 10, 0, 0.01%, 1, 1, 5, 20.82, 161550, 477
3629, 3, 0, 38, 10, 0, 0.01%, 1, 1, 5, 145.94, 161731, 477
3635, 3, 35, 38, 10, 0, 0.01%, 1, 1, 5, 122.78, 162338, 477
3640, 3, 35, 38, 10, 0, 0.01%, 1, 1, 5, 12.79, 162794, 477
3645, 3, 33, 39, 11, 0, 0.01%, 1, 1, 5, 99.45, 163118, 478
3650, 3, 33, 39, 11, 0, 0.01%, 1, 1, 5, 63.88, 163405, 478
3655, 3, 33, 39, 11, 0, 0.01%, 1, 1, 5, 56.14, 163682, 478
3660, 3, 33, 39, 11, 0, 0.01%, 1, 1, 5, 46.18, 163917, 478
3665, 3, 33, 39, 11, 0, 0.01%, 1, 1, 5, 42.00, 164119, 478
3670, 3, 33, 39, 11, 0, 0.01%, 1, 1, 5, 28.61, 164267, 478
3675, 3, 33, 39, 11, 0, 0.01%, 1, 1, 5, 20.39, 164356, 478
3681, 3, 33, 39, 11, 0, 0.01%, 1, 1, 5, 31.52, 164561, 478
3682, 3, 33, 39, 11, 0, 0.01%, 1, 1, 5, 178.76, 164768, 478
