# relative_time, cycles_done, cur_item, corpus_count, pending_total, pending_favs, map_size, saved_crashes, saved_hangs, max_depth, execs_per_sec, total_execs, edges_found
61, 0, 1, 24, 24, 2, 0.01%, 0, 0, 2, 64.85, 3480, 480
67, 0, 1, 25, 25, 2, 0.01%, 0, 0, 2, 65.03, 3807, 480
72, 0, 1, 25, 25, 2, 0.01%, 0, 0, 2, 62.86, 4094, 480
77, 0, 1, 25, 25, 2, 0.01%, 0, 0, 2, 57.84, 4393, 480
82, 0, 1, 25, 25, 2, 0.01%, 0, 0, 2, 59.50, 4712, 480
87, 0, 1, 25, 25, 2, 0.01%, 0, 0, 2, 51.53, 4958, 480
92, 0, 1, 25, 25, 2, 0.01%, 0, 0, 2, 57.52, 5265, 480
98, 0, 1, 25, 25, 2, 0.01%, 0, 0, 2, 60.42, 5563, 480
103, 0, 1, 25, 25, 2, 0.01%, 0, 0, 2, 60.86, 5869, 480
108, 0, 1, 25, 25, 2, 0.01%, 0, 0, 2, 77.37, 6202, 480
113, 0, 1, 25, 25, 2, 0.01%, 0, 0, 2, 63.50, 6513, 480
118, 0, 1, 25, 25, 2, 0.01%, 0, 0, 2, 66.33, 6827, 480
123, 0, 1, 26, 26, 2, 0.01%, 0, 0, 2, 69.95, 7174, 480
128, 0, 1, 26, 26, 2, 0.01%, 0, 0, 2, 69.94, 7522, 480
133, 0, 1, 26, 26, 2, 0.01%, 0, 0, 2, 57.10, 7800, 480
138, 0, 1, 26, 26, 2, 0.01%, 0, 0, 2, 55.44, 8075, 480
143, 0, 1, 26, 26, 2, 0.01%, 0, 0, 2, 56.80, 8373, 480
149, 0, 1, 26, 26, 2, 0.01%, 0, 0, 2, 54.90, 8652, 480
154, 0, 1, 26, 26, 2, 0.01%, 0, 0, 2, 53.91, 8914, 480
159, 0, 1, 26, 26, 2, 0.01%, 0, 0, 2, 47.79, 9151, 480
164, 0, 1, 26, 26, 2, 0.01%, 0, 0, 2, 45.87, 9387, 480
169, 0, 1, 26, 26, 2, 0.01%, 0, 0, 2, 46.33, 9644, 480
174, 0, 1, 26, 26, 2, 0.01%, 0, 0, 2, 56.60, 9950, 480
747, 0, 1, 26, 26, 2, 0.01%, 0, 0, 2, 0.02, 10122, 480
752, 0, 1, 26, 26, 2, 0.01%, 0, 0, 2, 42.06, 10371, 480
757, 0, 1, 26, 26, 2, 0.01%, 0, 0, 2, 41.94, 10585, 480
759, 0, 1, 26, 26, 2, 0.01%, 0, 0, 2, 47.19, 10688, 480
